0 10000 0.011638571428571429 0.0012611607869785057
0 30000 0.08999285714285714 0.0020181159126112388
0 100000 0.8882485714285714 0.022379647915378963
0 300000 6.8185714285714285 0.15679181569644426
0 1000000 153.53714285714287 2.4481346501583854
1 10000 0.011607142857142856 0.001391532703642326
1 30000 0.06318571428571429 0.0018821633232826002
1 100000 0.5004842857142856 0.10426067356899832
1 300000 4.9085714285714275 0.1690670679623557
1 1000000 145.98857142857145 2.9182598952674774
2 10000 0.8243428571428572 0.01775832256740945
2 30000 1.7557142857142856 0.024411439272335828
2 100000 3.5228571428571422 0.07045044574821681
2 300000 7.029999999999999 0.1083644643915022
2 1000000 33.69428571428572 0.264405378314496
3 10000 0.17733857142857143 0.009638361491711028
3 30000 0.2652614285714286 0.010673962215960628
3 100000 0.6044799999999999 0.08242401522441312
3 300000 0.96188 0.04428989694533701
3 1000000 9.442857142857145 0.29089587168481
